# k_planck  arg_alpha  arg_beta  phase_shift  T2
1.00000000e-08 -1.57079661e+00 1.57079650e+00 -3.14159251e+00 5.69560798e+112
1.43844989e-08 -1.57079674e+00 1.57079657e+00 -3.14159245e+00 2.75264758e+112
2.06913808e-08 -1.57079692e+00 1.57079668e+00 -3.14159236e+00 1.33033530e+112
2.97635144e-08 -1.57079718e+00 1.57079684e+00 -3.14159223e+00 6.42941810e+111
4.28133240e-08 -1.57079756e+00 1.57079706e+00 -3.14159204e+00 3.10729292e+111
6.15848211e-08 -1.57079810e+00 1.57079739e+00 -3.14159178e+00 1.50173299e+111
8.85866790e-08 -1.57079888e+00 1.57079785e+00 -3.14159139e+00 7.25777050e+110
1.27427499e-07 -1.57079999e+00 1.57079852e+00 -3.14159084e+00 3.50763003e+110
1.83298071e-07 -1.57080160e+00 1.57079948e+00 -3.14159005e+00 1.69521307e+110
2.63665090e-07 -1.57080391e+00 1.57080086e+00 -3.14158891e+00 8.19284639e+109
3.79269019e-07 -1.57080724e+00 1.57080285e+00 -3.14158726e+00 3.95954563e+109
5.45559478e-07 -1.57081202e+00 1.57080571e+00 -3.14158490e+00 1.91362075e+109
7.84759970e-07 -1.57081890e+00 1.57080982e+00 -3.14158150e+00 9.24839572e+108
1.12883789e-06 -1.57082880e+00 1.57081574e+00 -3.14157660e+00 4.46968515e+108
1.62377674e-06 -1.57084304e+00 1.57082426e+00 -3.14156957e+00 2.16016763e+108
2.33572147e-06 -1.57086352e+00 1.57083650e+00 -3.14155945e+00 1.04399393e+108
3.35981829e-06 -1.57089297e+00 1.57085412e+00 -3.14154489e+00 5.04554987e+107
4.83293024e-06 -1.57093535e+00 1.57087945e+00 -3.14152394e+00 2.43847910e+107
6.95192796e-06 -1.57099630e+00 1.57091590e+00 -3.14149382e+00 1.17849988e+107
1.00000000e-05 -1.57108398e+00 1.57096833e+00 -3.14145048e+00 5.69560794e+106
1.38949549e-05 -1.57119602e+00 1.57103532e+00 -3.14139511e+00 2.95002567e+106
1.93069773e-05 -1.57135170e+00 1.57112841e+00 -3.14131816e+00 1.52795845e+106
2.68269580e-05 -1.57156802e+00 1.57125775e+00 -3.14121125e+00 7.91402192e+105
3.72759372e-05 -1.57186859e+00 1.57143747e+00 -3.14106269e+00 4.09904786e+105
5.17947468e-05 -1.57228624e+00 1.57168720e+00 -3.14085628e+00 2.12309158e+105
7.19685673e-05 -1.57286655e+00 1.57203419e+00 -3.14056946e+00 1.09965010e+105
1.00000000e-04 -1.57367289e+00 1.57251633e+00 -3.14017093e+00 5.69561222e+104
1.38949549e-04 -1.57479330e+00 1.57318626e+00 -3.13961718e+00 2.95003001e+104
1.93069773e-04 -1.57635010e+00 1.57411713e+00 -3.13884774e+00 1.52796259e+104
2.68269580e-04 -1.57851327e+00 1.57541057e+00 -3.13777861e+00 7.91406402e+103
3.72759372e-04 -1.58151898e+00 1.57720779e+00 -3.13629306e+00 4.09908998e+103
5.17947468e-04 -1.58569538e+00 1.57970500e+00 -3.13422889e+00 2.12313374e+103
7.19685673e-04 -1.59149844e+00 1.58317484e+00 -3.13136074e+00 1.09969222e+103
1.00000000e-03 -1.59956166e+00 1.58799606e+00 -3.12737545e+00 5.69603274e+102
1.38949549e-03 -1.61076522e+00 1.59469488e+00 -3.12183791e+00 2.95045048e+102
1.93069773e-03 -1.62633182e+00 1.60400218e+00 -3.11414352e+00 1.52838308e+102
2.68269580e-03 -1.64795968e+00 1.61693283e+00 -3.10345216e+00 7.91826903e+101
3.72759372e-03 -1.67800652e+00 1.63489508e+00 -3.08859650e+00 4.10329366e+101
5.17947468e-03 -1.71974314e+00 1.65984056e+00 -3.06795445e+00 2.12733565e+101
7.19685673e-03 -1.77770035e+00 1.69446756e+00 -3.03927192e+00 1.10389046e+101
1.00000000e-02 -1.85813669e+00 1.74248927e+00 -2.99941636e+00 5.73794468e+100
1.38949549e-02 -1.96965112e+00 1.80897074e+00 -2.94403374e+00 2.99222658e+100
1.93069773e-02 -2.12394150e+00 1.90070685e+00 -2.86707043e+00 1.56989862e+100
2.68269580e-02 -2.33664128e+00 2.02653805e+00 -2.76010511e+00 8.32844955e+99
3.72759372e-02 -2.62804236e+00 2.19736987e+00 -2.61141015e+00 4.50407807e+99
5.17947468e-02 -3.02347968e+00 2.42563314e+00 -2.40462098e+00 2.51072976e+99
7.19685673e-02 2.72926927e+00 2.72471902e+00 -2.11681982e+00 1.45634817e+99
1.00000000e-01 2.02307975e+00 3.11186770e+00 1.42588107e+00 8.75296909e+98
1.38949549e-01 1.07565616e+00 -2.66116179e+00 1.98623817e+00 5.28464584e+98
1.93069773e-01 -2.29952679e-01 -1.94897806e+00 -3.69662564e-01 3.09027433e+98
2.68269580e-01 -2.05657435e+00 -9.17197708e-01 -2.40467975e+00 1.81597464e+98
3.72759372e-01 1.71071946e+00 5.45802132e-01 2.30026293e+00 1.08198821e+98
5.17947468e-01 -1.77598995e+00 2.63223037e+00 -1.77930105e+00 6.27526408e+97
7.19685673e-01 -3.44837121e-01 -7.19041296e-01 -1.84618902e+00 3.38301362e+97
1.00000000e+00 -8.48428294e-01 -2.92843053e+00 -7.37985336e-01 1.73472016e+97
1.38949549e+00 2.27224125e+00 2.75947922e+00 2.03143624e+00 8.77923407e+96
1.93069773e+00 1.69274655e+00 -1.88896517e+00 8.16733421e-01 4.22627561e+96
2.68269580e+00 2.27204952e+00 2.84973267e+00 2.80773189e+00 1.87672284e+96
3.72759372e+00 2.01331282e+00 -6.72618490e-01 2.96559054e+00 7.03634974e+95
5.17947468e+00 -1.85385167e+00 1.79203161e+00 3.02761864e+00 1.84622462e+95
7.19685673e+00 -6.11843275e-01 2.35557830e-02 -8.70271211e-01 2.15498461e+94
1.00000000e+01 6.71793549e-01 -2.46226306e+00 1.18442807e+00 1.92058023e+92
